22167300634902479711113796381591020016105763338063343988916414984828
10812432997995282729468167368263068547705145035352961182269138737620
23489793722033983637178399170757282778139053841627032696166512383077
23162225562227947574065877461949297662140475758124680141532586204671
11494593089234833113906060998025687433831185733811852755804595465353
9069913807986741046827404943910941879224440241376420329325277191328
11050842837792222981559088829922913966897449503953058328220130287949
19675570109340312278231266080420938621897578244038803109312352065779
11959060582427571099845171267119093944122578080036641981602006136461
25444322991528772951024299484807785346778605459902753521138763670380
10317752211318759046265405158832831960442786501225578999844535137200
21868447355256330557777389362906338794681180676484344393384874771626
4221831065602133209929502945003530699834924997088906083356081403842
7949298963560113860404790164557971917206689849773000654467642666762
11434667301546763234666988774953741647252799730672111845864373026233
23426055958928757950666134639736963121807211802786938449923385736827
7876766873721770621851184825956481037349228584600016745153154746952
9470435121920122460056541713015901220067786182935304679663453691141
5799508472068081448086496994374054555335692647304119642862962156227
22970809254747193312033178813061041609490671572666920564994214866201
17933182383721612097078864268904265773982242722763620308716069847600
23392107757642613870139849596301024306705118136023970787727203993458
19806202695205997291325716275568998942991802882172014577825872679424
16740973424492718095208643192946255410282940236129461490714128650839
11465335017392306198558035872934627814880985858003968823181615322474
24780611025838189378543112439582600129883213948495450279659538258138
19095412380659345317238063985530618368110799577490524664853127829531
1152491524519618394604743150539706823399851167355640726802242930211
7450988406942759510822571379828975981579541517273143081607301551751
14156631093026068133049529365281004893777029908296373755526869671546
14031726099881263033798852171366992098472208647844220926823104631161
534569727776140512165068562997950048758419300463344634960648545378
9789260774142478437279550763154065509748462739298297747158131659435
21908205882503604091733555943177015749732200258439271532393862020906
10532825666721285469351655976502039899363983761616657768249839706422
24072482254275256694591856685197024251485846942676702143041281945088
24156927596671813222550876926876462384191069245861655871439503666709
20113411947043561308453207903384749476310497074975658201328410413675
6271046713129057959126491281320053719244815443650123200785842483688
3745330865517526044349990770001499157096159177339039351902617871527
22904223933716961540117287515467576119841904114822764303975577878981
26001675142899990996344659208771486850781636599478879978262120377060
17599785850243526521597376787133244578206701192197924037232019018197
18158320476918503894893207352011932637571506594995451895378300723946
14778904009605853875676202694630002928581365473158258358426275659862
4109473435991737314521801489621216475618775274350930371407012828459
17968182127646929986886902433230904181146715885027194565785107529787
16689725371416643075138615173386485813294662099244025836712159458077
14172963989805458366700478032982802435213647200626129596581472828683
17986601420841627536598040453342756306929094004877063858147748033175
3927823292422909913985139361681496562627602935846706142457103453407
18603799830004639233085105152992995130821519987150751984228913217127
20020026414687943368366772782607049557251647017413903839695274913384
24240880068963805923502758087308552773669056252181093419947259426364
11099138830666587764264531587951571131645474359608093548882401283739
6146059975800240263603767361609131144989886195388054378499345948037
25155298875819574269837873884265396773395536777509734110524015998557
26418222286504031822908709095465338921684643127315753583711699787004
4387171239791478624148195520696606710929627754912224909784282174661
16526203129557773455331445129637560937969218291121248673934858708824
17946242209516121103286614254795332741429507010515068133779595709853
9478127524515966529764223799493552227068075258499342295036607694632
23076072773056999706106170613605393545498850980149956870337879604422
4611223942492869509896813667737258815525806934725436375300509812082
12075430658708278841166010772741989505713988706240912145809915966195
25448214633223920142167845775738607128706071277981881517278030057415
8099303368474903967961604340427598148547463702204008737818699486271
25257112579523500296966276587300604216454920015546242633845211522499
20695181579695435633736531805620783470008803723350046206519322469195
10705469203044947735547685285752859976439210436344184098691075158628
18172302646735625560359626527237860604011889803652158656175126273171
17897738772337785084417741082917026320872808772074504284135467656187
13462341189606486885568241729404117271395545200069073261321669808860
13242130309303381515637657344127519935488663498710378279733932387896
11298570252509643040033102309349972340737691945631553268914670173125
3857282358305806520663661483442869656166986873458132669995565177745
21438159641854610850865786328533484837694092254497257389022511632308
19577307469570550013971450221683423185237086583312422338719932046549
2406452268142729227907443246034151792610835455234704126593023291918
14832722491119117282442688941572463048640360054656726570530881015589
14249602446770654103078479054155072152594619294166562240145400630938
1804066513635289962803226327815284144688065539892701677095070212354
19820547172857818492701345182661014780566658207952310868021598043979
7061020446398176608433736225109238418567124667527880361467594071239
7481889978800160028103517294075396847277162065261180190776727380979
21083289156036667661341750171847700463904143662647866697415630330906
2677894947703864330069581602946594780870489397678550850249080622394
26428376578288829819671158350101325634593158178312479637553197257975
16805608210750701080119636523857119662090619130021396486755259074086
15823585984454203032795757874428623059980330149044340140445351564669
18337168231145603306489490890589373862404930500458729819781448483721
11014429594380111269577128874785678324348928712120313907238479879998
7509570580021993391052842941709233138483131922464751519536867353182
19211901046217615760116805110332993614682229132601242066033534704156
9981317882133718123232209939066366400717013338118465583693271316364
17663185186605311883324865055943455252037203067997055741512621660754
19993188063781017097680129627567327025026293273018853398673841645811
23935753797920879724919541946040914908769829580895608026528296610470
26045953706557587366344714577925512212383232142797290622729823814166
12626436865069404395267466426128065424553139914085063609681737806473
17356035275150167346123198794473369023643442786535198846238411427122
2857867832004449164757975916529151384741202664902180975468218006701
24790054081039743532688038977424318655070589609929141936730537071994
12139634154261573017531052284281082701789977781903674046458704501039
4697152347744719173009358024759680062859307807068167727845520968731
16002981564715763915268336512712714001024323114128440390428469979724
25155058394611698025950264910376197264779638518651255926114612249400
14807324290259605589385998746603845220540419818359771495815162436834
17668399223762984378467786821861478575761764169305566881104676544741
17828637037866787651649620467501409252231120180194918821872943763829
21788390564359200735718914462614807965993612162346321115370694033561
17882037831734214394055075493258022139073492269989166126508712431606
18038181249474129695146547267344450206241397599933888487464070416611
21227832488409819213351513577393342494146283262313152143667820787176
24356118621988654246692447212731425300445316518049574253922228025946
26807878939115593810892249315871652736357513718631310051609802872561
17516234812536282947993296966029311616013819363504144695743151546419
24890872814686467102878051192309462045112108195869633060781745248256
9746722716597425512905280415353007556245679978110735778036242764620
15154648202740044619604606296892355847556369670189931990206335805493
11264704230802001494289499686244067674179753911675068221998910855266
7196252005749299111042198931853160606929152405465922936412779330421
1756284153233880203569093496624323840999707360312815685513304937188
764178768804410460599543296211110250449089294049248719086226312515
26330067262078153727617809682112910464517008218617588485294036331295
15943322462733831506662581062187400632609637348442708534542614451154
23691047072536521396177691304151528857557134649920678540860666466403
14950664422665790756560768800436565172776135342023929014609659195231
8738193134861129555720162735431861458968542783331176157806737933925
15186864750909015066872013351420720227572161038523185423788892360038
9090398776515302303776277144205894312206271925692698116423296579002
25420651449660848755174241817979970073048277161422539206763987848642
10654797213086132076743927492690009893366284750502499723738165873112
19592761436643760120786043739205225705344852755254554268077869059739
5012341847538021164859869880985036589377012188359601803041804618524
24294322297705354146839538431343450163863249227923523745670900581870
19925576786665312237203825690497491207587345810792906929802870957377
19972525273597203068937847868395381045810742392462804903745380931187
2596835860325475389756573519153108080853779042398169227719626847748
4835552384724312769906177966923837440660258943371921798963450327220
5869206382734984606159038459973262671188185638001920831752697004013
13861264040463603195435466445961314958341415493531496936715445883338
23865703009781093592100408105136242358945900453564384846901224776168
7229223585428726946814053244657840244857187236059947799280415737863
4213360675960695512332429774459197030704085347401822608512165488564
5544494126907732827265540314271841744919462086599559605584502509179
7481170432185278354909789636643639532297795562449340073850006364436
4451983374477370766487401811966054051772885964664879730174479149478
8733049876351543162592271192639828073290308120847655996983522353157
23115496024200793511200448152821079423196684657429110715345884097569
25606217207976382789740541212985161815176207341349301098339193943910
9721802123001345348164298478025746634755542875439364424066459043672
18834080837706517188021244757328139076367976648404060349012750409383
10369914977825214501791293821253775638385756588913727976755238014612
17524798155643882431643299944522627095393124783714415293109286070652
18125154300596344032247135375846626705415144665830334613844452116947
3338555299211178621884727735135739277993022203392197737375064215974
5634025251804968620155060534189008547334461811184462458079053923204
8511812676572442025079055288942984519724513820752018059194631247762
10832388319859862119992912536637275422580374734547419023603854772230
9494639788188778248668024557337781244900949759141554463547976635679
4146062241958186133854656367375075985022375163960084527968812985424
16321366632785590026277953667190049988943102703648134789546947206451
2884152306794481983233764094456366400450127989660694567703475924996
23054659484980172076601648455281037417166798179274332387103581011555
20690816258260880590121911864907837341680989557053514124963338560171
22235120254889091897834142572730623672335043968075970436578668323894
15318240291614523523125733342770003560789992635595487838827983584259
645577952416236202394833523088014716913552329749117264538563697155
23449364589209087529965951144006622133108099608538837064993202809354
5699392638123133861792707180888664904960013889398986570580175775985
1348763559844360667178341690813590950451211235929657038223111775083
19922591911904398609027300313607134261751132828145768815160533439970
15094072827314344569868575872845623334553955243091973262057499448316
4914819962965060961396425284519120926918052893925251041299911352848
23641583361202858407457153119642504310897915518542420697565336564431
8784260465413894378278201047659986808742730840557371786489984572514
1309361202322033981353386540338877701382048754704749227515385724875
6212214529596950501026815544137787680568109226524968477939451896744
4844554537460306933811653525988752595072276017611626118308190471058
20564195738372631547368256710003892196805975684973697840277111173275
10772836633837076012117740282243963511726715649892853509302873740987
10563859387868494488643043914224185929825690093757794469761535203165
17825005146728180500803267665325534440447573393785153663274398631862
15758538001889667242995463351451099008317894512083693503993599247622
11227940241959766490065298762136055334308103188516523097843697396310
19783514774736248684340515230942970931310765139858326619166049002134
6899679150452070159673004685459947686818835850376399624749611127060
17848584783602500874741325171065236098816375804413281539489395873030
9998412432539018278313150007600224800202971438321850506352433358453
20547705739783168451694036144278777360450337189864118556052112745310
21669402717803277666598821278720368145782680715148813912701716121582
18071491839748666585514735139872627028927344978023604888083754553124
18724995051789230468868295622818952780363380218382648419271374766882
237167394543560347881892433229828437754032460278279166412158551448
5932431235264419429712313747117112601541163021771730022717538380275
708720915387218707234906049340688627084881879082655119716911876461
25069723020374180884424658188422785797186299182789856132980752758591
12633529022797169933394799261639132562030946477869868554584550593933
9481011658688373442823454146351551595126082615746388612734502146751
3076556303084116067169983388875032957604483760480085769676657679629
22299384629321594661467436489312022650067447519235345395122628709511
23811797986320415725421997704562794956155516690584606821729180375827
21736734374641469816210334130711954805444733289281767721475675103310
2881698829930167502115715287101913272612583147804703922197518768331
12604284167345871602913802933950509146109792889631501570496862119824
16086837087286130938768618401705152577180935292564932390233185860399
26112073320655256425110256630541230166392647366727926638495517755611
4850678624039501878162566471692444097247449258272916574105342096785
20085003673691278905870614648304658829084549787118318671961897203743
1653087832998519023586300399261751248404488703751125972514138073267
2979688475358629105284205494868761632325956838286946000998992003516
16100644378694455473900220634329623243539950329615730817952399113115
10273255632881225725328176843418765161377658784260727500226183757496
24347215931186949154904461912236853996502736111105347490581729048310
15186389818892236916709720374120992668314939277236416771245736161244
1285797663254267082001567005672118376933300313098564915792520533796
2095483758604055180246232651334056370108864121561827463109028730317
19835417961222008089065573576621328175369123642993297099625383063322
9969721909217448142630592604611289115375878216355631302821795561519
3328877956070752982168578260265953910784079096454267883825739867842
25228002761363181949106682853268300419451921780196327118489122608695
14196483760956223100791586039800421726965558051396006649429679360013
3354350989834351862371686130988115389921003292030704156593591460023
16251907512958428593212281440587062058298964900935803900413125203551
10236768104491227999440214696769650918847851292319304710661791137311
15353745271039114924833036073332717105635943101241546968223250871977
22500306395787336136524301740110924676051231201021753840616118154834
26686225894512267643086767129448704264943889917159331031567873627862
9734030121332750598060249951767847866589967205335553743846090831529
26161012898899417078989538272559830194869654797978927480159961345865
8185111535124111998480345202267616384973867056214011567454196434484
6484085486018684530615157292196018077179583720912152416460201670510
12072485108386093115975854887551528298562557978826227170604576870507
8739323633415520103928918242952855634546365517923055646895787604867
17726628695012732089390257208929820631999298828184769324163567987116
2001026303196333903932280435245252769113913729292108444941194034142
950200197896183492502471986040128751009267123931037778749841355618
6184965947376750451747384234567942920195882736670724436906353136587
7164339561723122693112187396311548648577340304384060035236542168017
25505982897732521386468766988164167454722095388050713750158779100165
21617948450127066475320978267401454029730152296187522798455182408600
4434560935946576043008088373951958566299327966028232798936470542104
24578494799937113753907233889144868506410020331529575617019865512119
5433399608257473948149224022103429333884718208137558036192493637866
18736562984778501688553416183434689874378641694991391031107019743902
8399446195763448412413308597330557858473295103449125518812561048061
6178477032538162486880870811480648982662160262555439703190881076402
1526993541288762110668462546286589274806939951051852098667335964059
14357077017910070704205444949375593136458035495275537060046366175221
184666807004315722253803419461107805768400116999196993951485466592
1178541257066539196900639533311996775448822486357540050264857099422
1736022992318062222242015416114065510737979258342434373210144577011
25481805846231710545963796216070766832899722141062509034845609445
2454141838791852186131150198168605575668392051941604191933597797560
12323811322850404210931473879160982042444756695402304595791798043955